[
  [
    1268190000,
    4
  ],
  [
    1268708400,
    1
  ],
  [
    1270609200,
    1
  ],
  [
    1271214000,
    3
  ],
  [
    1271732400,
    1
  ],
  [
    1272423600,
    3
  ],
  [
    1273546800,
    5
  ],
  [
    1274151600,
    2
  ],
  [
    1274238000,
    2
  ],
  [
    1276052400,
    3
  ],
  [
    1278385200,
    15
  ],
  [
    1278471600,
    25
  ],
  [
    1280804400,
    12
  ],
  [
    1280890800,
    5
  ],
  [
    1289268000,
    6
  ],
  [
    1289354400,
    1
  ],
  [
    1290564000,
    7
  ],
  [
    1291082400,
    2
  ],
  [
    1297130400,
    9
  ],
  [
    1297216800,
    2
  ],
  [
    1298430000,
    3
  ],
  [
    1298948400,
    5
  ],
  [
    1300244400,
    4
  ],
  [
    1300849200,
    2
  ],
  [
    1304391600,
    8
  ],
  [
    1304996400,
    4
  ],
  [
    1305687600,
    4
  ],
  [
    1306206000,
    3
  ],
  [
    1309834800,
    1
  ],
  [
    1309921200,
    2
  ],
  [
    1317783600,
    6
  ],
  [
    1318989600,
    4
  ],
  [
    1319508000,
    1
  ],
  [
    1319594400,
    2
  ],
  [
    1320717600,
    7
  ],
  [
    1321408800,
    2
  ],
  [
    1321927200,
    1
  ],
  [
    1322013600,
    1
  ],
  [
    1322100000,
    1
  ],
  [
    1322532000,
    3
  ],
  [
    1322618400,
    2
  ],
  [
    1323136800,
    2
  ],
  [
    1323309600,
    2
  ],
  [
    1323741600,
    8
  ],
  [
    1328666400,
    1
  ],
  [
    1331089200,
    4
  ],
  [
    1332212400,
    3
  ],
  [
    1333422000,
    3
  ],
  [
    1334113200,
    5
  ],
  [
    1335236400,
    4
  ],
  [
    1335322800,
    3
  ],
  [
    1336532400,
    1
  ],
  [
    1337137200,
    5
  ],
  [
    1337742000,
    5
  ],
  [
    1340679600,
    5
  ],
  [
    1340766000,
    3
  ],
  [
    1341370800,
    5
  ],
  [
    1341975600,
    1
  ],
  [
    1344308400,
    5
  ],
  [
    1344394800,
    6
  ],
  [
    1346209200,
    2
  ],
  [
    1347418800,
    4
  ],
  [
    1350442800,
    3
  ],
  [
    1351562400,
    2
  ],
  [
    1351648800,
    3
  ],
  [
    1352253600,
    3
  ],
  [
    1361934000,
    8
  ],
  [
    1364958000,
    6
  ],
  [
    1365476400,
    1
  ],
  [
    1365562800,
    4
  ],
  [
    1367982000,
    15
  ],
  [
    1368673200,
    2
  ],
  [
    1369710000,
    1
  ],
  [
    1370401200,
    8
  ],
  [
    1371524400,
    3
  ],
  [
    1371610800,
    1
  ],
  [
    1372215600,
    3
  ],
  [
    1372734000,
    5
  ],
  [
    1372820400,
    12
  ],
  [
    1373338800,
    1
  ],
  [
    1373425200,
    8
  ],
  [
    1373511600,
    6
  ],
  [
    1375758000,
    2
  ],
  [
    1375844400,
    10
  ],
  [
    1377054000,
    5
  ],
  [
    1377572400,
    3
  ],
  [
    1377658800,
    1
  ],
  [
    1378782000,
    3
  ],
  [
    1378868400,
    3
  ],
  [
    1379386800,
    1
  ],
  [
    1379991600,
    3
  ],
  [
    1380596400,
    3
  ],
  [
    1380682800,
    3
  ],
  [
    1381892400,
    9
  ],
  [
    1382407200,
    2
  ],
  [
    1382493600,
    2
  ],
  [
    1383616800,
    1
  ],
  [
    1383703200,
    4
  ],
  [
    1384221600,
    2
  ],
  [
    1384308000,
    3
  ],
  [
    1385431200,
    7
  ],
  [
    1385517600,
    3
  ],
  [
    1386036000,
    3
  ],
  [
    1386122400,
    3
  ],
  [
    1386727200,
    4
  ],
  [
    1387245600,
    9
  ],
  [
    1392778800,
    1
  ],
  [
    1395111600,
    3
  ],
  [
    1395802800,
    6
  ],
  [
    1396926000,
    3
  ],
  [
    1397012400,
    5
  ],
  [
    1398135600,
    1
  ],
  [
    1398222000,
    4
  ],
  [
    1398740400,
    3
  ],
  [
    1401764400,
    2
  ],
  [
    1401850800,
    2
  ],
  [
    1401937200,
    1
  ],
  [
    1405479600,
    6
  ],
  [
    1407207600,
    9
  ],
  [
    1407294000,
    2
  ],
  [
    1414548000,
    1
  ],
  [
    1415152800,
    3
  ],
  [
    1415671200,
    2
  ],
  [
    1416276000,
    1
  ],
  [
    1417485600,
    2
  ],
  [
    1418090400,
    3
  ],
  [
    1418176800,
    1
  ],
  [
    1418868000,
    6
  ],
  [
    1424833200,
    1
  ],
  [
    1425956400,
    8
  ],
  [
    1427166000,
    3
  ],
  [
    1427770800,
    1
  ],
  [
    1428375600,
    4
  ],
  [
    1428980400,
    2
  ],
  [
    1429066800,
    7
  ],
  [
    1430190000,
    5
  ],
  [
    1430881200,
    9
  ],
  [
    1431486000,
    3
  ],
  [
    1432004400,
    6
  ],
  [
    1432090800,
    1
  ],
  [
    1432609200,
    2
  ],
  [
    1432695600,
    1
  ],
  [
    1433214000,
    6
  ],
  [
    1433905200,
    1
  ],
  [
    1434423600,
    4
  ],
  [
    1434510000,
    2
  ],
  [
    1435633200,
    1
  ],
  [
    1435719600,
    10
  ],
  [
    1436238000,
    9
  ],
  [
    1436324400,
    1
  ],
  [
    1436842800,
    3
  ],
  [
    1436929200,
    13
  ],
  [
    1437015600,
    1
  ],
  [
    1438657200,
    4
  ],
  [
    1438743600,
    5
  ],
  [
    1439262000,
    2
  ],
  [
    1439866800,
    2
  ],
  [
    1439953200,
    1
  ],
  [
    1440471600,
    2
  ],
  [
    1440558000,
    5
  ],
  [
    1441162800,
    2
  ],
  [
    1441681200,
    3
  ],
  [
    1441767600,
    2
  ],
  [
    1442286000,
    3
  ],
  [
    1442372400,
    5
  ],
  [
    1442890800,
    5
  ],
  [
    1444100400,
    3
  ],
  [
    1444186800,
    2
  ],
  [
    1445306400,
    2
  ],
  [
    1445392800,
    1
  ],
  [
    1445911200,
    2
  ],
  [
    1445997600,
    2
  ],
  [
    1446602400,
    2
  ],
  [
    1447725600,
    1
  ],
  [
    1448330400,
    6
  ],
  [
    1448416800,
    2
  ],
  [
    1448935200,
    5
  ],
  [
    1449540000,
    1
  ],
  [
    1449626400,
    5
  ],
  [
    1450144800,
    1
  ],
  [
    1450231200,
    1
  ],
  [
    1455588000,
    3
  ],
  [
    1455674400,
    5
  ],
  [
    1456196400,
    2
  ],
  [
    1456282800,
    1
  ],
  [
    1456801200,
    2
  ],
  [
    1456887600,
    1
  ],
  [
    1457406000,
    1
  ],
  [
    1457492400,
    6
  ],
  [
    1458010800,
    2
  ],
  [
    1458097200,
    2
  ],
  [
    1458615600,
    2
  ],
  [
    1458702000,
    1
  ],
  [
    1459220400,
    6
  ],
  [
    1459911600,
    2
  ],
  [
    1460430000,
    1
  ],
  [
    1460516400,
    3
  ],
  [
    1461034800,
    3
  ],
  [
    1461726000,
    1
  ],
  [
    1462849200,
    1
  ],
  [
    1462935600,
    1
  ],
  [
    1463540400,
    1
  ],
  [
    1464750000,
    1
  ],
  [
    1465268400,
    4
  ],
  [
    1465354800,
    1
  ],
  [
    1465873200,
    2
  ],
  [
    1465959600,
    1
  ],
  [
    1466478000,
    2
  ],
  [
    1466564400,
    4
  ],
  [
    1467082800,
    2
  ],
  [
    1467169200,
    2
  ],
  [
    1467687600,
    8
  ],
  [
    1467774000,
    2
  ],
  [
    1468292400,
    3
  ],
  [
    1468378800,
    3
  ],
  [
    1470711600,
    5
  ],
  [
    1471316400,
    7
  ],
  [
    1471402800,
    9
  ],
  [
    1472007600,
    5
  ],
  [
    1473303600,
    6
  ],
  [
    1473735600,
    2
  ],
  [
    1474254000,
    1
  ],
  [
    1475550000,
    3
  ],
  [
    1476842400,
    1
  ],
  [
    1477965600,
    1
  ],
  [
    1478570400,
    2
  ],
  [
    1478656800,
    6
  ],
  [
    1479780000,
    3
  ],
  [
    1479866400,
    2
  ],
  [
    1480384800,
    5
  ],
  [
    1480471200,
    1
  ],
  [
    1481594400,
    6
  ],
  [
    1481680800,
    10
  ],
  [
    1490756400,
    1
  ],
  [
    1491361200,
    2
  ],
  [
    1491879600,
    1
  ],
  [
    1492484400,
    3
  ],
  [
    1492570800,
    1
  ],
  [
    1493089200,
    3
  ],
  [
    1493175600,
    2
  ],
  [
    1496804400,
    4
  ],
  [
    1497927600,
    4
  ],
  [
    1498532400,
    2
  ],
  [
    1499137200,
    2
  ],
  [
    1499223600,
    1
  ],
  [
    1499742000,
    3
  ],
  [
    1499828400,
    12
  ],
  [
    1501556400,
    3
  ],
  [
    1501642800,
    3
  ],
  [
    1502161200,
    2
  ],
  [
    1502247600,
    3
  ],
  [
    1502766000,
    1
  ],
  [
    1502852400,
    2
  ],
  [
    1503457200,
    2
  ],
  [
    1504580400,
    1
  ],
  [
    1505185200,
    3
  ],
  [
    1505271600,
    1
  ],
  [
    1505790000,
    4
  ],
  [
    1505876400,
    3
  ],
  [
    1506394800,
    1
  ],
  [
    1506481200,
    2
  ],
  [
    1506999600,
    2
  ],
  [
    1507086000,
    1
  ],
  [
    1507604400,
    2
  ],
  [
    1508205600,
    1
  ],
  [
    1508292000,
    4
  ],
  [
    1508810400,
    4
  ],
  [
    1508896800,
    3
  ],
  [
    1509415200,
    1
  ],
  [
    1510020000,
    3
  ],
  [
    1510106400,
    1
  ],
  [
    1511229600,
    3
  ],
  [
    1511316000,
    1
  ],
  [
    1511834400,
    2
  ],
  [
    1511920800,
    3
  ],
  [
    1512439200,
    2
  ],
  [
    1512525600,
    4
  ],
  [
    1513044000,
    6
  ],
  [
    1513130400,
    7
  ],
  [
    1513216800,
    1
  ]
]